# 
# This file list hights from 5 different classes of students. Column 1 indicates the ID of a person, and Column 2-6 are hieghts of members in each class.
# ID,CLASS1,CLASS2,CLASS3,CLASS4,CLASS5
# 
1,182,154,181,179,157
2,184,199,173,197,191
3,196,167,158,162,187
4,174,180,181,191,194
5,155,151,155,180,168
6,173,166,169,193,196
7,192,158,150,151,157
8,160,168,196,193,173
9,194,160,156,188,192
10,150,185,181,178,169
11,185,150,191,175,156
12,190,165,199,174,166
13,189,179,162,156,187
14,155,156,197,184,199
15,150,190,169,189,167
16,184,191,169,199,189
17,175,182,154,181,157
18,161,182,165,179,194
19,163,170,193,199,172
20,152,177,155,191,191
21,159,195,167,161,161
22,163,159,160,170,169
23,152,194,164,167,195
24,197,169,185,169,150
25,186,170,158,195,196
26,150,180,185,177,197
27,158,195,167,182,198
28,169,198,168,199,165
29,181,168,194,152,190
30,161,197,193,152,184
31,160,182,196,197,156
32,191,196,157,171,165
33,198,174,173,186,170
34,156,179,167,181,160
35,152,152,165,197,177
36,172,153,174,197,178
37,156,175,174,196,190
38,159,169,194,186,167
39,168,151,151,192,175
40,195,184,174,151,158
41,193,169,188,155,195
42,168,186,178,172,166
43,167,191,194,183,199
44,170,180,188,189,157
45,168,193,162,157,196
46,165,170,190,162,178
47,168,168,170,192,156
48,177,176,178,185,190
49,180,180,195,175,184
50,195,176,199,163,159
51,150,193,198,151,186
52,196,189,196,169,170
53,168,186,191,197,181
54,159,195,192,172,156
55,177,196,190,189,158
56,154,186,164,160,194
57,187,170,161,181,199
58,177,157,154,154,174
59,153,197,164,188,167
60,162,152,160,156,158
61,196,186,197,197,171
62,195,188,155,173,169
63,167,168,199,150,176
64,199,183,155,177,182
65,152,167,154,198,171
66,153,158,170,150,161
67,173,191,175,159,176
68,178,171,189,159,151
69,171,183,183,173,183
70,174,159,155,184,150
71,182,174,180,161,173
72,180,162,194,181,166
73,185,173,171,161,167
74,172,197,182,177,164
75,170,170,152,165,177
76,154,153,199,172,194
77,176,166,157,187,172
78,152,170,193,182,163
79,154,157,178,152,159
80,158,191,188,182,180
81,153,171,186,165,184
82,174,183,195,154,153
83,152,175,194,159,161
84,165,159,171,164,167
85,181,190,192,174,193
86,176,160,198,195,176
87,150,177,157,167,164
88,151,181,189,189,195
89,193,189,161,171,186
90,189,178,178,197,193
91,193,166,173,184,165
92,174,187,191,163,193
93,154,153,192,152,183
94,185,194,164,194,199
95,156,176,164,174,168
96,194,186,159,158,150
97,155,184,152,166,152
98,158,173,155,197,161
99,187,158,164,172,194
100,169,170,185,193,183
